905
890566208300661
42
16384
965991706
660420043917381522
1322593065538103
684443280103359838
88
319588996483
8796093022207
541
131070
945718604499459867
31089051
12667081156361
26422
17179869184
910915604505306150
55478
511
16777216
326
120
87385535047
8388606
2747516283141261
871109968794298552
20974213088068
4242
16
16469990766
3393272473083870
1179674841505
4
147638006241
334198008
1048575
12519414002858113
8208088
592453771303458913
344044123335
481581
986432747983459494
313039564333
22247089839
219
31087091078
655
105
23
979446330537037950
18558640159
261720248402928
8385711
639905
34128645544933
6806700031627
67108863
291
50269347
30
210
1829354
85724272
951196627118339293
8277795777819886
134217727
7
398244395
17592186044415
137438953471
73685
484865
623271342198998946
7858562324112701
738860561382896590
1125899906842623
416632337832806451
180290358878825306
119124911858899
12
1842740630
512
2147483648
99
2316372051373
3993
28659
562949953421312
174741937272387
73
38554682191637
7987198
727764565344998362
100
44836
200523650236702583
274866728656030
3684
134217726
724027646542093660
2199023255552
991220056179622435
102
769946463748443883
5725
65894434243
45
214137317338
1073741824
116
68719476735
549755813888
812983084198830207
59615
248003
1747609396335373
32
97
4390271826550104
131071
684880996381125141
914933948284738490
74
70981
3653193486
479501870
103
66668385
4225485011764
37518068634
859726467167532339
759
218
440992226954
35184372088832
268435455
75441662390
2964
33554430
1962556809564
100505
235476
32768
342672286647893483
2251799813685246
1125899906842624
16256284419996
318906407840291
348877566
17840
931888317278579975
598613479324830114
36028797018963968
8360436713
524287
43021213170520370
242093049
9007199254740991
2251799813685248
56373115503490049
23529351532
768140846307
140737488355328
123
7137552152377
7057
3552131
52
6430126731
34359738366
11610
12744044549
1019
4329
65536
40992519
16615477669687
576114365
45166249369
33673346490067255
70229634197592
922662984
79
3987828
25071701720082
7026
1099511627774
877797652605710307
355881
418637
1048574
206882582053640886
477915667146452
28254958
4344219722104
17592186044416
137438953470
36951751144813615
31502
70368744177662
48
71914867116828583
65303584105
8191
82
13416339
882045890760804009
501947174839
33554431
112917764
2047
15823286500167
721155977903689594
16383
1844487919522
203539916
175322130271289466
536870911
7103
83
1638
1709565851182
707618365443648
1
16382
40
6967607629518759
5602889
4923946
578939654587786983
93
58
595397268420397820
10
173434932290171
26995586
48688474400160
1024
57515513354934
136089733
4096
1091929442791666
1461078112
266282192427
104040844062104
211
33099
27164847742
70368744177663
16819317719716265
5915805311357
125
74529412
50862429
539078232796045
17592186044414
1696
90
24298574407004
447227366
1875223342523630
8796093022206
94
1192571
18418133
63
11424
179368
70
20230
182233
58141249384759
590343064047950477
5886224097
212103155355193
24780528043788125
69
71556
95
2847826857402
26
13841
730266425436
219
7719686802
1086459159453
67108862
764451305
65
562949953421311
140737488355326
351821828616
670162669475994081
27013540
683225853878051378
71431884206457104
16481789321815400
21
5215530191439706
905837114785
15068
1398542818444261
8388608
1217
5723373996529890
809427762557481092
2147483646
1023
603257
15023188319823
35184372088830
1582
1859286210720976
4194303
2251799813685247
154
11
128
77
55
3279513180968
72057594037927935
118
58875561392
395673226486970914
4095
425347066491
599905913290816572
38322618
4951815313
122
56
841516
34359738367
111524140468482
71092978613
15
536870912
859602464786858422
126369
134217728
3140
8513034442888
21576566417210997
15774457495167
597634618003739970
129898949520603
5254453632
2199023255550
41
1789
48959
605841373501060191
112
288118687462
250666
7700527
34359738368
1630
444254602669204274
107400811467887490
82582805248494
28525236349189467
8402
680304922066893628
101889723
36
5178043096229213
49
25
31
724178823511377315
457179513191
283
2194
63033
36028797018963966
6
91
879421324230
454331
35146614022873
312670242487828
670974811571742921
2048
6138
979738192605893451
8562719074
2577519756
19377209459188
137438953472
660716754185
256
655
3806
16777214
37670046845845150
18
1927888
72057594037927934
499582
121
3426
262144
16631774817073256
2852
18014398509481982
281474976710655
16828033348866576
37
182
20
68719476734
717918868391913304
144115188075855870
4503599627370496
802
20465
576460752303423488
630790751627060577
576460752303423487
61186
13278736
53
54595
931419320
871171
4140434435635
61767658475958
13
117842929874046546
1527526
97305400163045617
71178607
939985798659314453
772117753969209553
12288479495932574
3002971971
11839708
534750773032
3128400889886729
149009866501
38
363240659695390732
54248021976618362
542953134017766
948857632498253412
119
298655021
478
60
640607252
11066056992122
984748188750561257
702452505792277767
59
984265243433559533
96
131072
901240090227743247
106
47
594971632676021
51209262135581
65535
791655501936829379
64568384534049
138240
104
43845814695
10859148991
164025122306551
1073741823
510
558070
8388607
695596535092447370
12381
144115188075855871
13172390906
30323746311196054
459064010617570735
7324985795348337
12834
549755813886
749783577863
126
1783863012
9
12423613020316
844344278621627867
288230376151711744
841848139424866890
441
5864
388999171
535842380731743955
7452109862109
823005
44
327
70751119785
8778982
54011528
111
114
242644
5057502295839542
52050339541406276
2683559264533597
19
971823093631541835
1826076139085
127177677
121023526852997
885996200563862673
1650413487805039
62
2212635228410000
1761271777001626
3737279971
1830355377
4094
67
9654513
1359135078794
906046752562095257
4368540
109
251457953641
10220
1605016110584
91325399
985667392415745389
851273144057518744
15880268300
152013090053726525
3737223
224220886084553054
7923592279501
39
452289
107144
16349723700716604
115
72
1152857204
123483104
25809965248161
2029730
288211474
21008
18985330633980
64
274877906944
91467700790
414132
18014398509481983
33
46
32767
75
1366172558458
996897419141342280
577391
1050835831465
65801838
105587597910870
76
35462833265845867
1400824933012691
536870910
92
2578831884
11981162678598341
228150795
8
490373387
110
1125899906842622
14
1073741822
2202409039485
996947522429365259
62582236
116949165112285318
288230376151711743
68719476736
59368423130
28963390907388783
4398046511102
2408433
9007199254740990
815098372139
1074549749
622457914
956264823622200064
171893098877720620
8589934591
18014398509481984
1003526558011613
68
86
3
7192684501
50
1002174676649818
2422072119
8589934592
2680850905207458
3344712854626
2
85782022833125139
35
2080518216915
295
113
281342
504709864331766
1749429
4398046511104
967925117359116369
24
781072232933112534
12707946750
831
2199023255551
29196397979
838906
281474976710656
268435456
402
166815783
70368744177664
9632100999877
4386546775061
331918016158607728
1099511627775
35184372088831
7966813484
199211
27964302
274877906943
926383897374508687
632758512580214327
2511471567
5637623330914299
758400539510313202
260118449600884
219656165
2588709438030
524286
4398242886727808
7231
79242715992
4294967296
66
43
98991
27742981330322
5060
54
36028797018963967
982785677027228135
187559696456
262142
1003132212236859
14391444828
32432187932184109
2726100718139711
648155760960562509
1843
4294967295
980845382593215287
81
261673060949558
2097152
8354062
809842217739971606
34
201433495
445093377461198
111559833424
127
4503599627370494
229
2688463
853953954512295384
13616159501
4294967294
233
8589934590
15819678778473859
966569519510444001
29890315
6606990707329337
845579921447355641
620252676
73631436251446866
254
152485730037
202252160
1022178948420443
70229547579612
93202168724355770
3312859
14596
861028604212
2775482
22394498966
44226122642
599305
212735634
84
98
8288284
51670670990625846
1099511627776
5790823382855
960594356651894325
1669
859680656605470249
3165876
10196315
118336
1947
65534
4503599627370495
841513934311910302
95797552
26499784
144115188075855872
942240584696940733
763034180429914646
1457205
9007199254740992
1012439
15841935603335
5724259733726
706
78
990800310274012194
272
1000000000000000000
918199937584475556
334
221598897037157
576460752303423486
833407858219255749
22
4194302
953595426053983059
18340172
97692
44776024912726752
124
100574311
15223390
28
2798530814
765630665749309708
281474976710654
85
161382383227
71
105640
44217547230
368797539987766
252771076436
738430554978764849
2046
36015352
560970481202522
315173609401329170
67108864
23555231101
101236358859
1629127961
1167
693476152263485449
578285080085219772
280743906230353084
2009516778
90286518726847788
17
3361409
114954555683
5031956512207
117
619011424313179607
12369671900
444754030921082929
1048576
2097150
1629445443
122711446814454
27
6144001345
8190
23878
27739866079970853
48745
843972632929111097
108
992994507567664941
16563436709246891
392587458013235
4398046511103
11302
61426115
1418668
127390479740112313
3062408
869434010
2012020884
17179869183
1695379
262143
524288
7228920751713
1022
780030833707955704
1684075456430
78044700428
107
115353841389221029
954556638446660
87
61
2097151
30551915410
22182274025616
2793322368715897
15313342
268378
7131797
137570
154945348225606614
80
682258656029283496
965043883150661112
549755813887
802973145532311878
140737488355327
268435454
617879397
17179869182
8796093022208
33554432
3015
255
479392135
168799119292736
577044989329012518
51
89
5
725057148890317031
215868
101
2147483647
33629200977
159339031
756244136585687818
29170148297393343
16777215
571
2883781269
3732412114
562949953421310
1766527
1666174983152758
48342
29
728901037402003165
584250144346383324
17200
9515561
35082470604
4194304
910066949092370059
580864600486750522
4322742900863596
16686595203
32766
823
12793901
183817722106
2708
288230376151711742
274877906942
139380118961005
8192
28989923
36300576164804
57
250647077471880612
72057594037927936
230
886988965613466571
95788819595667
627626499227136
829719244692512558
26621
