307
8213
92
8338
9566
66
9286
9701
4375
9192
9682
9680
57
850
6354
8834
80
38
9210
73
84
61
337
23
10000
69
9058
1024
123
8436
50
9773
8409
8392
88
83
254
843
9356
9522
1575
67
8897
609
4095
90
95
9906
25
98
194
2046
138
9207
8214
9047
8555
9003
187
9596
8739
26
8684
1023
1247
443
100
9374
107
117
91
9391
55
9472
121
104
78
89
48
8550
8
111
8789
8888
106
8190
943
3303
120
9579
9447
122
1854
35
119
8480
8191
8298
105
14
3721
4962
9735
9164
9042
79
6
8231
8798
8635
56
87
342
51
229
49
4096
9758
126
76
9133
10
2048
7
72
9705
2
8790
128
8759
125
6350
64
639
9237
46
5
99
9898
9270
6490
425
41
1688
17
3545
94
93
8607
5160
109
42
18
103
86
1556
8491
4509
8632
257
4
71
9379
53
6428
62
1
8288
5591
30
9264
9204
15
869
9387
113
65
9229
8284
8192
19
9223
77
2047
118
9030
511
102
3355
8480
82
8879
9381
13
52
501
281
493
9243
8489
112
39
116
176
22
4095
9182
32
9530
54
947
70
33
115
8810
58
21
356
8976
333
8749
9170
9148
45
8904
219
242
166
8681
85
9186
1729
40
1022
8975
29
3
108
4094
44
9351
245
8192
669
9305
8526
510
812
28
512
43
1151
9
8580
97
124
60
256
37
110
9298
9564
63
12
9490
114
81
3526
8757
9825
101
1380
5849
8235
47
9690
11
9240
4091
68
8957
9095
8349
3812
9907
932
127
75
16
74
8778
34
1939
24
146
36
9359
2015
8248
59
96
20
27
3535
8832
2937
31
255
