147
24 3 6
9 8
13 8
3 10
24 2 5
9 8
13 8
100 100 15
76 13
49 46
46 51
30 38
14 34
9 75
31 70
74 14
44 44
27 62
75 20
46 5
69 2
1 26
27 50
22 70
83 13
4 11
16 9
47 17
2 62
81 10
53 38
80 2
18 83
25 26
87 2
16 50
21 38
52 9
20 33
45 21
4 78
4 5
65 6
44 37
47 36
20 66
49 18
23 17
5 43
13 83
45 11
53 31
3 69
46 9
83 5
73 13
10 14
6 72
20 35
5 96
10 62
22 65
7 39
16 75
14 9
9 76
48 23
60 12
54 17
3 93
23 4
48 36
41 23
30 50
30 27
50 48
93 3
33 68
59 17
80 1
36 28
83 14
19 37
38 15
73 8
75 20
15 33
29 37
38 7
20 19
29 68
41 30
14 26
25 11
45 50
8 8
66 11
42 21
39 29
34 30
9 77
74 26
84 3
18 19
15 65
60 6
31 44
17 84
100 1 1
1 100
24 1 20
9 8
24 1 6
9 8
24 3 17
9 8
13 8
17 8
100 100 41
73 8
6 16
80 10
92 9
36 14
55 19
22 50
31 49
36 40
51 19
15 43
2 86
12 4
18 6
1 32
63 1
10 49
12 17
14 39
54 23
1 30
22 54
50 31
75 18
55 33
20 25
33 8
28 67
46 9
56 30
61 16
53 44
16 76
48 52
61 19
1 25
33 53
46 33
61 32
87 11
3 16
53 18
45 29
38 53
4 55
34 53
38 20
18 81
26 10
59 22
26 17
55 4
7 41
70 22
25 33
10 39
37 11
46 24
8 10
39 52
65 12
47 21
33 68
9 26
33 44
5 80
56 14
14 33
37 62
18 63
16 47
29 30
45 54
14 4
20 1
4 76
22 64
52 7
80 18
37 2
14 2
4 88
38 14
13 6
57 39
5 88
12 41
11 63
36 38
2 86
60 20
13 39
43 3
3 38
75 9
17 70
4 79
63 23
27 56
50 40
24 2 19
9 8
13 8
24 3 3
9 8
13 8
17 8
24 1 15
9 8
24 1 2
9 8
24 2 11
9 8
13 8
24 3 11
9 8
13 8
17 8
24 1 13
9 8
24 3 13
9 8
13 8
3 10
100 100 23
76 22
39 49
16 6
18 29
36 51
45 5
2 83
2 85
1 25
70 31
31 11
8 5
40 11
17 18
12 80
25 45
21 1
28 20
50 22
33 31
52 1
30 61
27 13
15 80
38 43
68 15
36 61
40 13
44 48
35 8
10 43
3 29
52 48
7 60
63 7
58 14
34 6
20 80
45 33
79 5
50 21
14 67
54 1
49 31
27 33
3 15
7 40
2 12
52 32
21 39
5 40
23 11
18 31
52 42
18 68
46 36
60 12
84 2
39 34
83 13
36 48
8 76
33 59
97 3
50 48
68 29
3 63
23 58
56 40
4 38
53 20
67 18
46 8
21 75
45 41
33 54
23 1
1 39
33 59
87 14
71 7
45 21
34 34
46 55
24 28
77 6
38 53
2 26
14 50
32 63
31 41
41 7
40 40
67 7
70 12
18 53
44 7
35 46
36 61
10 70
24 1 4
9 8
2 1 2
1 1
26 78 20
13 6
7 1
17 8
12 10
1 13
1 21
11 8
17 7
15 1
10 14
15 9
13 6
1 19
9 5
5 17
12 15
5 1
6 14
3 9
10 17
1 20
6 17
8 18
15 9
5 7
3 18
5 8
15 11
5 2
9 3
5 10
2 19
13 8
4 23
15 5
8 9
1 24
12 11
9 4
9 7
3 24
15 6
1 11
12 8
3 10
5 19
8 13
11 9
3 11
7 12
7 5
4 22
6 19
12 3
5 7
6 18
1 9
15 12
21 5
15 12
12 12
3 9
17 2
4 11
17 5
5 8
8 2
6 17
7 5
8 7
16 10
6 14
4 15
12 4
17 1
16 1
8 11
3 23
17 78 3
10 8
7 10
1 13
7 10
7 8
2 5
7 4
5 5
11 4
3 11
12 4
1 14
1 3
1 10
1 9
6 6
2 1
8 7
11 5
8 3
7 4
2 15
9 6
7 6
12 2
5 8
9 2
12 5
11 3
6 1
1 3
4 5
11 2
13 3
5 1
15 1
7 11
12 5
1 17
1 17
7 2
16 1
1 4
4 2
3 2
4 10
6 12
1 12
2 11
7 7
4 2
3 14
14 1
16 1
3 11
8 4
6 2
4 1
12 4
3 11
3 9
5 13
1 14
7 5
7 9
1 6
6 1
10 6
3 7
13 1
9 2
7 10
6 12
8 6
2 16
7 3
3 13
4 6
24 1 23
9 8
32 31 13
17 8
5 4
7 17
17 5
7 7
18 11
12 8
7 2
8 4
16 16
5 8
7 11
18 9
8 19
9 1
24 9
25 7
3 24
15 4
13 15
14 3
11 11
13 13
2 22
12 18
24 8
23 2
22 8
3 10
8 25
15 1
24 2 23
9 8
13 8
24 1 18
9 8
2 1 1
1 1
24 2 2
9 8
13 8
100 100 90
47 32
35 19
9 73
30 42
24 65
4 73
47 28
5 35
49 13
58 10
40 20
5 94
11 7
22 37
37 59
96 1
2 59
34 49
42 10
19 2
12 30
83 7
9 40
2 57
8 81
37 28
12 61
30 3
1 53
35 21
12 48
69 22
13 26
65 1
25 2
26 73
44 25
9 49
26 18
35 55
77 15
17 36
33 14
35 3
4 42
7 25
13 58
12 89
18 59
32 43
85 16
84 8
15 18
4 18
82 1
41 5
5 84
28 11
17 66
73 16
12 17
19 30
41 34
39 25
1 4
40 58
10 24
47 17
56 37
56 5
64 18
41 18
64 11
8 87
48 32
40 55
44 46
23 13
67 17
34 49
12 21
91 5
40 23
8 32
9 86
15 11
40 21
25 63
75 16
2 54
27 36
77 2
17 49
59 34
7 44
14 39
21 43
43 6
34 67
49 40
24 3 23
9 8
13 8
3 10
24 2 9
9 8
13 8
24 2 4
9 8
13 8
24 3 9
9 8
13 8
17 8
24 2 20
9 8
13 8
24 3 18
9 8
13 8
17 8
92 41 35
52 22
9 24
29 47
60 25
27 24
49 5
22 44
32 58
57 28
16 21
55 20
26 50
19 15
45 44
44 49
62 21
55 32
5 83
2 38
8 40
19 70
37 17
11 3
51 27
14 40
56 37
44 44
6 48
64 10
13 58
11 18
69 14
18 28
41 6
55 21
7 66
7 63
38 17
47 10
14 15
45 18
6 6 4
1 2
2 1
1 2
3 3
1 4
2 2
24 3 12
9 8
13 8
17 8
100 100 50
88 3
67 28
50 44
38 10
35 30
34 53
5 23
6 89
26 19
65 20
32 1
22 45
61 32
4 92
33 60
37 49
13 50
30 12
10 58
19 35
52 15
4 14
14 19
18 21
18 70
31 41
8 60
72 25
19 29
21 46
54 44
21 13
57 34
41 19
1 42
48 37
9 40
29 66
19 38
11 36
62 8
42 30
6 61
15 8
6 47
43 46
25 14
5 54
10 29
45 56
39 26
44 43
1 27
25 12
41 33
6 19
21 57
74 22
50 1
36 8
32 29
16 79
22 29
31 28
29 9
23 26
47 42
45 12
38 14
77 2
14 5
26 49
27 19
23 73
43 49
28 67
31 12
34 30
17 63
42 47
50 38
49 12
9 13
2 96
24 8
39 18
60 41
63 8
14 75
3 2
35 2
68 15
26 5
54 25
46 28
31 22
90 8
13 67
32 38
23 27
24 1 21
9 8
100 100 3
64 12
30 25
3 7
19 77
29 8
2 26
13 18
53 29
31 34
37 41
28 69
10 33
5 47
2 44
43 44
69 11
12 66
62 8
80 8
36 8
26 5
41 49
10 40
47 8
4 10
3 56
17 19
22 34
29 2
61 1
27 58
9 51
54 6
41 56
53 13
17 52
73 6
66 33
21 49
39 48
17 18
7 64
6 15
68 7
18 61
65 1
14 65
65 18
45 56
32 6
61 30
22 49
73 23
53 40
19 1
15 85
78 12
6 13
15 69
7 63
4 66
10 24
36 2
21 16
61 33
52 14
53 22
20 72
2 25
76 25
91 6
37 15
2 62
59 31
75 1
58 37
37 35
46 16
41 6
5 40
36 48
25 70
80 13
69 12
49 51
30 35
27 56
30 19
22 6
18 44
41 48
30 16
31 51
51 11
26 45
45 20
70 6
38 51
9 72
57 17
24 1 10
9 8
18 34 14
2 6
8 8
14 3
4 4
9 7
8 8
3 5
14 3
3 2
4 11
15 2
7 10
6 2
1 14
4 6
1 8
12 6
12 5
18 1
10 6
4 5
6 4
5 11
8 5
1 13
1 1
10 5
4 8
6 12
2 13
5 14
10 9
1 8
11 7
24 1 14
9 8
75 12 71
39 1
30 43
61 7
17 10
20 5
35 22
24 1
20 41
41 28
9 48
64 11
33 39
24 2 1
9 8
13 8
24 2 22
9 8
13 8
24 2 18
9 8
13 8
100 100 8
11 2
63 8
33 1
21 7
36 24
11 72
90 3
45 33
49 31
57 16
43 41
4 12
51 23
2 63
49 17
2 55
10 38
44 23
24 46
29 4
17 18
4 91
17 13
8 87
75 24
46 30
70 17
28 50
12 86
28 70
52 14
75 6
59 38
12 18
31 12
2 87
37 27
43 20
68 11
20 80
11 39
90 10
6 54
87 1
61 30
30 60
16 34
6 4
18 79
9 34
42 48
26 52
36 54
30 23
5 62
4 48
34 49
28 18
58 39
27 27
84 16
26 68
14 79
12 73
73 1
33 37
32 7
26 55
2 93
9 18
16 36
51 38
11 7
35 18
79 10
16 29
25 7
76 25
43 45
67 18
24 25
61 21
43 13
18 65
48 31
27 12
54 3
13 58
93 8
25 37
44 31
57 35
9 88
33 40
25 26
14 23
4 23
35 10
9 82
4 17
36 38 9
34 3
10 2
7 23
7 30
4 19
5 16
16 9
22 13
32 5
6 21
4 18
12 6
21 1
4 5
21 1
19 17
16 4
14 15
11 11
13 22
11 18
5 14
18 17
12 23
29 2
13 2
9 8
9 19
11 6
2 2
13 17
6 6
28 7
31 5
4 25
9 1
7 22
3 12
24 2 12
9 8
13 8
100 100 96
6 86
18 4
66 31
38 51
51 48
16 28
1 60
80 16
75 19
57 7
6 13
22 15
12 22
80 10
12 33
11 47
54 44
24 34
64 6
14 80
13 48
64 26
22 32
47 13
47 41
59 33
52 16
28 49
29 23
36 41
75 24
35 16
9 7
8 10
27 42
6 81
29 50
40 23
43 34
57 15
48 10
8 38
18 13
5 64
45 44
9 33
10 26
18 44
2 82
28 40
40 39
1 99
46 20
51 42
52 8
47 34
43 47
4 24
31 49
6 5
45 12
14 48
48 35
11 64
17 24
53 1
13 76
1 84
32 64
17 70
11 13
72 6
30 67
25 10
37 61
27 20
27 41
27 30
58 10
46 39
66 8
48 48
10 4
6 9
53 31
25 38
24 61
13 44
42 24
81 3
10 58
36 64
26 60
6 29
52 21
78 14
20 28
19 78
30 69
24 13
47 89 20
11 14
1 5
2 29
28 3
25 1
22 18
4 43
28 20
21 21
15 12
24 4
20 4
9 33
20 14
23 23
5 14
10 5
17 31
13 19
8 27
15 13
16 20
1 16
3 39
1 12
13 5
17 21
17 18
10 20
34 4
3 45
5 3
3 24
5 1
12 19
9 32
21 20
1 10
6 7
37 8
4 27
18 11
2 19
27 2
9 35
38 2
22 18
38 2
31 3
6 30
22 1
32 7
3 39
7 17
21 3
10 4
31 1
19 5
20 2
28 4
17 16
19 21
14 6
13 22
20 21
25 1
9 38
39 5
4 4
20 15
35 8
6 32
22 20
5 9
17 12
12 34
19 3
10 34
10 10
25 10
2 14
2 9
18 21
5 28
2 21
2 27
9 20
35 6
37 4
24 3 15
9 8
13 8
3 10
1 1 1
1 1
24 3 3
9 8
13 8
3 10
24 2 3
9 8
13 8
24 2 14
9 8
13 8
24 3 21
9 8
13 8
3 10
24 3 16
9 8
13 8
17 8
100 100 93
8 13
36 24
58 19
49 4
12 56
51 19
14 49
37 13
3 91
17 29
81 12
22 75
74 5
12 48
34 26
1 77
1 58
26 14
27 27
8 84
25 18
52 7
27 39
33 42
75 26
9 19
35 37
10 87
73 12
14 37
33 64
2 34
46 10
53 48
12 8
67 16
29 1
42 2
7 87
37 61
37 49
2 63
24 74
24 45
4 54
43 16
48 42
30 34
18 74
42 54
30 15
42 16
26 70
61 28
49 51
71 22
71 19
30 59
2 10
37 5
3 36
61 16
10 66
12 89
6 11
6 67
3 19
27 74
26 45
35 17
34 54
12 24
31 64
29 30
18 34
56 37
31 55
28 70
10 60
23 16
89 9
14 8
2 83
65 7
20 75
16 62
31 44
3 22
15 6
21 38
84 2
3 93
1 24
38 28
21 29
15 51
54 46
2 59
56 27
31 31
100 100 13
34 62
42 21
53 44
5 76
31 47
14 60
24 33
22 51
70 14
73 5
36 39
17 5
27 13
37 8
9 4
33 67
13 84
52 26
35 52
15 4
7 37
12 6
52 4
18 16
81 5
11 10
21 54
28 18
17 6
30 26
28 12
87 3
75 24
45 31
7 50
11 66
54 35
2 41
43 42
13 19
94 3
8 13
30 9
39 51
42 48
4 69
47 53
22 22
14 43
15 64
3 21
80 15
37 60
23 13
29 56
27 48
7 53
7 26
48 6
6 63
34 32
13 74
14 19
32 66
3 29
57 44
60 26
27 14
71 4
59 30
52 44
64 18
6 61
72 10
28 57
2 15
22 27
27 53
6 37
91 3
64 14
19 1
6 86
77 11
16 30
35 39
56 25
10 62
29 34
68 12
17 6
43 56
77 4
52 26
71 12
58 2
14 60
54 23
26 54
8 26
24 1 8
9 8
2 1 1
2 1
100 100 94
13 80
32 5
45 28
30 7
53 26
18 58
85 8
19 60
22 72
14 16
59 23
68 19
15 33
32 1
46 8
65 15
18 21
48 12
55 28
26 47
12 2
38 4
56 24
18 15
32 19
61 38
12 58
57 41
90 7
8 93
48 31
11 54
81 11
11 79
23 66
31 1
31 25
21 6
37 62
43 39
32 46
20 31
25 40
37 8
20 43
25 31
34 42
14 52
34 20
3 40
66 18
35 58
21 6
22 50
32 13
22 65
40 22
25 45
57 14
16 66
38 24
14 84
64 17
47 23
40 31
4 45
10 24
68 18
50 3
58 24
6 68
24 14
63 22
72 20
33 32
33 28
5 24
54 26
76 11
52 26
2 42
6 25
82 14
26 40
8 21
10 58
42 49
2 96
9 73
53 25
44 23
5 76
95 1
12 67
53 48
14 87
69 20
3 79
9 47
14 60
100 100 39
76 2
6 90
4 84
43 4
60 34
31 36
14 78
28 57
11 76
3 31
93 4
5 30
33 14
34 2
27 15
54 12
22 65
81 20
37 57
20 64
27 61
91 8
12 7
46 17
18 70
87 4
4 38
43 1
29 1
76 5
10 55
2 55
51 29
25 40
53 5
61 32
1 79
11 33
87 10
50 24
46 39
4 81
62 6
42 4
1 9
45 37
86 14
5 90
27 74
9 6
12 43
22 50
2 53
26 37
10 25
32 53
48 53
26 9
38 5
47 1
48 50
1 80
66 34
11 49
26 7
5 72
74 22
54 36
41 33
28 73
24 15
51 33
67 3
22 53
32 34
50 39
25 72
36 43
22 53
26 45
26 49
47 47
20 32
9 88
50 35
23 64
23 34
9 87
4 24
11 69
56 12
18 16
15 67
54 30
5 30
55 43
4 93
21 34
31 10
3 28
24 2 10
9 8
13 8
24 3 7
9 8
13 8
17 8
24 1 24
9 8
24 3 11
9 8
13 8
3 10
100 100 54
15 32
6 48
29 44
60 41
15 65
27 36
17 32
59 6
27 11
17 2
40 61
16 31
19 11
30 34
28 1
9 33
35 57
27 60
22 28
3 87
24 14
79 5
33 11
38 25
20 81
56 39
81 20
51 9
74 14
22 69
21 22
34 37
46 39
21 1
18 55
36 48
16 33
45 29
92 2
3 78
22 79
71 20
15 6
34 10
1 98
33 49
48 31
51 20
13 9
3 84
43 31
83 9
32 44
33 47
43 2
35 41
2 95
20 69
55 11
61 8
72 25
78 8
37 14
13 14
54 28
24 39
66 6
21 20
1 71
32 18
31 34
67 6
37 27
44 1
19 35
71 25
47 49
47 12
36 46
32 41
14 9
11 5
96 3
71 3
26 36
2 65
9 39
8 83
15 72
35 8
21 46
62 36
37 4
15 41
28 26
17 20
5 70
2 22
40 11
20 25
2 1 1
1 2
24 1 9
9 8
24 3 16
9 8
13 8
3 10
65 34 29
12 22
34 24
15 24
23 17
23 40
14 20
14 30
4 50
48 17
12 43
1 14
23 17
25 9
43 6
4 57
39 2
4 8
32 3
30 17
37 13
30 13
35 10
27 5
10 31
1 61
28 24
39 6
7 4
35 28
24 24
15 24
11 12
4 44
5 35
100 1 10
1 100
24 3 10
9 8
13 8
17 8
70 55 53
37 5
60 7
13 22
10 35
16 2
27 40
42 7
64 1
1 9
49 1
2 38
12 25
1 35
10 50
9 27
12 25
39 1
65 6
19 49
25 24
12 20
28 37
19 23
26 30
5 44
3 47
3 47
50 1
14 9
15 32
42 3
16 1
11 3
2 55
18 23
18 48
35 19
26 15
51 15
4 11
39 22
46 8
14 47
24 45
6 51
20 32
54 3
24 5
34 14
3 64
1 13
20 29
34 31
3 34
70 1
24 3 15
9 8
13 8
17 8
24 3 18
9 8
13 8
3 10
24 3 2
9 8
13 8
17 8
24 3 19
9 8
13 8
17 8
24 3 17
9 8
13 8
3 10
24 1 19
9 8
19 79 3
5 8
8 7
3 10
10 9
3 4
1 6
6 9
4 13
17 1
9 3
13 1
3 1
12 3
8 5
1 7
9 10
4 8
6 1
8 8
6 13
7 11
6 5
2 17
4 1
2 11
6 3
4 15
14 1
15 2
1 1
5 9
4 4
11 8
3 3
5 5
2 3
2 3
2 5
9 7
9 4
4 7
18 2
6 11
3 15
9 9
6 13
14 5
9 6
1 8
12 8
2 4
6 2
13 4
1 3
16 4
7 6
13 1
15 4
3 16
11 9
17 2
3 8
2 1
2 7
2 13
3 6
10 8
2 8
12 5
16 3
12 2
13 1
1 2
5 8
13 5
13 6
1 18
1 11
15 5
24 1 22
9 8
2 1 2
2 1
24 2 24
9 8
13 8
24 2 15
9 8
13 8
24 3 14
9 8
13 8
3 10
24 3 5
9 8
13 8
3 10
24 3 19
9 8
13 8
3 10
24 3 2
9 8
13 8
3 10
24 3 7
9 8
13 8
3 10
24 3 14
9 8
13 8
17 8
24 2 13
9 8
13 8
100 100 2
30 13
2 80
62 39
41 5
10 73
37 7
50 14
56 22
17 84
4 34
5 93
10 84
30 6
66 19
51 37
70 27
70 29
40 4
31 60
2 50
34 55
16 26
40 14
30 57
16 5
19 11
19 8
20 24
11 58
7 73
38 42
17 15
65 1
21 79
34 62
64 24
26 23
2 59
3 91
70 19
15 38
61 17
53 46
48 34
34 61
48 2
56 6
44 46
51 14
26 15
3 16
75 22
6 21
74 17
4 58
17 14
2 29
74 27
8 63
35 55
21 19
9 12
12 54
36 33
24 75
6 57
30 43
1 63
56 24
44 52
2 39
18 16
47 42
55 30
43 6
44 47
53 20
71 30
10 5
53 31
34 57
59 26
9 61
63 38
15 55
34 1
31 50
3 27
30 6
59 8
40 47
29 35
91 10
20 30
11 79
9 20
5 75
17 7
36 5
17 20
24 3 13
9 8
13 8
17 8
90 20 23
65 12
46 31
73 18
45 37
4 61
8 47
13 14
35 21
18 30
18 30
68 17
4 20
1 19
42 20
55 24
56 30
32 21
19 72
38 18
59 28
24 3 8
9 8
13 8
17 8
100 100 54
4 3
37 28
43 38
8 37
68 18
1 38
8 27
46 38
25 36
93 1
22 8
25 37
24 75
81 3
36 18
32 24
5 87
42 4
39 31
69 9
78 20
66 4
33 14
33 56
39 29
66 15
48 22
5 7
51 27
25 16
3 45
19 58
79 3
47 52
35 25
11 87
57 12
6 65
54 22
19 2
23 12
52 49
21 29
24 44
11 58
84 14
63 32
31 63
16 83
1 19
1 57
21 33
55 21
33 32
35 43
47 10
27 21
4 9
28 57
81 2
21 34
12 51
29 58
93 6
27 50
36 29
23 27
8 61
40 55
48 39
20 49
4 48
10 54
62 21
32 1
87 3
32 4
64 32
35 11
6 27
43 52
41 7
20 73
11 24
12 41
22 26
12 88
50 25
12 64
26 39
8 59
25 20
15 73
43 15
35 50
47 25
62 16
4 34
55 29
76 11
100 100 49
2 98
2 98
2 98
2 98
2 98
2 98
2 98
2 98
2 98
2 98
2 98
2 98
2 98
2 98
2 98
2 98
2 98
2 98
2 98
2 98
2 98
2 98
2 98
2 98
2 98
2 98
2 98
2 98
2 98
2 98
2 98
2 98
2 98
2 98
2 98
2 98
2 98
2 98
2 98
2 98
2 98
2 98
2 98
2 98
2 98
2 98
2 98
2 98
2 98
2 98
2 98
2 98
2 98
2 98
2 98
2 98
2 98
2 98
2 98
2 98
2 98
2 98
2 98
2 98
2 98
2 98
2 98
2 98
2 98
2 98
2 98
2 98
2 98
2 98
2 98
2 98
2 98
2 98
2 98
2 98
2 98
2 98
2 98
2 98
2 98
2 98
2 98
2 98
2 98
2 98
2 98
2 98
2 98
2 98
2 98
2 98
2 98
2 98
2 98
2 98
24 3 8
9 8
13 8
3 10
24 3 1
9 8
13 8
17 8
86 68 5
49 16
6 43
14 24
66 15
52 18
3 38
45 30
25 41
4 42
74 8
25 52
33 24
27 17
73 3
33 53
50 6
86 1
7 3
37 7
25 6
19 57
31 25
13 59
16 14
1 41
12 52
68 18
8 44
17 17
27 14
20 59
5 33
61 11
32 13
4 55
29 57
55 23
67 19
17 23
57 26
10 75
11 30
22 40
11 60
25 44
18 34
31 3
54 16
31 34
57 8
11 60
1 48
22 55
33 31
19 3
30 27
4 2
28 6
56 12
53 22
41 22
35 3
37 48
33 21
45 28
16 27
37 38
23 13
24 2 8
9 8
13 8
91 11 6
7 67
35 53
16 36
35 46
57 15
39 27
39 40
9 49
77 15
22 31
57 3
24 3 22
9 8
13 8
17 8
24 3 5
9 8
13 8
17 8
24 1 1
9 8
24 3 4
9 8
13 8
3 10
24 1 7
9 8
24 1 17
9 8
24 1 16
9 8
100 100 23
39 43
10 72
2 92
33 21
58 39
9 31
35 49
2 83
29 21
71 2
6 46
74 18
25 69
58 2
10 48
38 61
14 12
21 52
98 1
11 25
62 23
6 37
40 5
17 70
5 90
22 55
49 48
18 46
37 51
12 53
12 57
72 1
30 15
14 18
7 46
84 3
25 53
63 16
4 54
34 35
35 54
51 24
64 7
14 57
36 15
80 9
69 6
1 79
41 8
9 22
24 76
48 45
30 11
37 5
5 5
60 37
3 47
20 68
5 30
4 97
30 29
10 73
51 4
86 15
66 6
42 11
26 60
16 40
84 8
75 12
25 50
3 55
28 53
67 22
51 3
31 3
8 80
81 8
7 26
80 16
19 29
23 56
37 1
14 51
61 9
38 48
33 43
28 54
1 22
25 25
14 62
31 22
77 12
47 27
46 10
34 42
45 40
39 22
30 32
61 30
2 1 2
1 2
24 2 6
9 8
13 8
100 1 100
1 100
51 60 12
7 38
22 9
10 9
11 15
38 7
30 18
8 22
1 4
44 8
30 9
7 32
5 43
29 20
40 11
7 14
1 33
29 12
20 5
37 2
14 7
24 8
12 38
31 18
39 3
14 31
20 23
35 8
14 1
17 3
33 6
17 10
21 13
14 2
11 12
3 17
15 13
2 18
17 14
14 19
24 27
4 27
14 20
15 17
36 4
16 11
15 34
18 25
15 2
21 5
14 2
40 7
43 5
6 26
27 23
23 29
44 8
4 48
36 4
14 14
4 4
24 3 9
9 8
13 8
3 10
24 3 20
9 8
13 8
3 10
24 1 3
9 8
24 1 11
9 8
24 1 12
9 8
24 3 22
9 8
13 8
3 10
100 100 24
6 93
47 48
39 44
11 35
28 1
16 10
18 34
55 43
33 39
58 35
97 4
73 5
15 51
44 40
39 28
62 8
13 10
34 7
75 21
42 32
26 67
12 65
21 10
36 35
49 30
55 28
33 58
4 18
31 55
23 16
46 2
7 72
61 9
18 22
12 9
28 4
20 41
22 23
68 20
6 44
26 50
57 23
38 20
67 7
68 25
57 40
30 11
2 29
86 9
11 16
10 83
2 94
56 5
46 12
66 2
6 91
15 79
43 12
29 68
16 53
62 33
56 23
27 24
28 26
26 44
5 44
68 10
59 29
36 20
69 12
6 71
54 44
40 7
10 86
69 25
25 37
86 7
2 2
2 31
1 65
18 57
42 39
19 72
23 29
55 36
28 11
3 98
28 21
21 11
24 21
43 7
64 8
1 5
66 24
35 32
62 15
3 38
94 7
27 26
10 11
24 3 10
9 8
13 8
3 10
100 100 19
3 87
33 19
93 2
36 46
6 67
33 44
2 51
62 15
4 48
71 20
24 76
47 22
33 37
32 2
18 83
1 17
11 56
32 36
20 60
13 47
41 24
87 10
5 63
20 78
48 27
26 24
4 18
60 35
47 35
36 13
54 37
25 37
11 88
38 49
51 35
82 15
4 67
18 60
38 34
1 53
24 13
30 19
26 52
37 12
55 6
11 51
30 37
23 63
9 18
1 25
17 69
7 50
1 97
35 23
52 45
34 11
77 5
2 92
8 35
33 46
16 51
39 31
27 61
11 67
66 11
3 17
2 90
78 15
63 7
60 10
30 19
74 27
76 3
11 13
59 19
67 19
33 4
87 12
25 22
8 82
45 25
1 8
9 46
51 29
58 20
10 17
17 43
24 75
36 2
48 40
41 33
20 14
12 28
85 7
24 37
29 17
36 50
20 57
12 31
35 17
24 2 7
9 8
13 8
38 58 28
14 21
3 11
18 9
5 5
3 10
27 5
6 10
1 12
9 6
20 12
17 6
35 2
21 10
19 10
20 11
7 16
25 7
22 4
29 7
4 8
6 7
33 6
20 1
21 3
38 1
13 5
3 2
13 14
24 8
4 29
21 14
3 6
28 1
8 1
19 10
7 23
5 4
19 20
20 12
3 32
7 28
7 22
2 28
15 11
5 12
6 4
9 10
10 22
3 19
7 23
7 16
3 19
22 13
4 25
6 7
2 16
7 13
19 2
24 1 5
9 8
24 2 21
9 8
13 8
100 100 24
18 64
68 2
32 13
2 26
19 65
43 22
57 31
67 12
30 50
4 15
10 47
40 11
19 27
63 6
19 80
28 27
28 14
20 49
24 47
20 40
5 14
14 69
33 11
29 49
51 21
36 31
28 40
38 46
85 11
10 30
14 11
55 10
38 4
81 3
63 20
47 43
2 81
29 39
25 49
21 72
43 28
48 51
33 23
63 3
1 88
6 64
16 23
7 41
28 20
51 43
72 18
30 36
62 18
32 47
73 25
7 59
84 7
49 32
29 71
72 27
16 58
20 66
85 1
24 77
8 10
11 68
19 26
11 60
13 6
15 28
17 81
21 33
25 65
34 22
78 5
5 33
11 90
49 2
46 45
16 21
3 73
27 30
60 9
57 8
3 86
72 10
47 19
17 74
2 52
11 42
1 30
45 25
74 21
60 38
2 26
26 9
55 32
35 33
25 12
14 38
24 3 21
9 8
13 8
17 8
24 3 24
9 8
13 8
17 8
24 3 4
9 8
13 8
17 8
24 3 24
9 8
13 8
3 10
100 100 55
3 33
39 10
42 4
15 16
28 32
76 17
22 77
3 16
4 39
28 4
12 23
6 39
38 30
58 10
79 18
13 88
10 33
15 18
21 71
32 10
33 24
50 7
6 70
4 5
42 36
18 9
47 1
32 45
62 26
32 29
25 46
48 21
58 4
18 69
32 68
16 84
2 63
1 65
16 12
35 30
60 21
14 57
34 15
34 66
9 20
27 44
16 43
94 2
16 1
79 15
9 22
64 32
79 16
41 9
80 7
20 14
59 2
55 16
33 9
69 18
15 86
47 11
55 19
32 42
52 29
83 3
74 23
14 49
25 30
19 69
31 41
7 37
68 2
26 8
19 75
34 45
21 1
38 63
5 84
60 26
32 29
92 5
73 12
3 98
27 64
4 47
51 23
13 37
44 45
50 2
10 35
67 21
57 37
87 11
9 22
24 68
16 72
4 93
12 8
24 31
24 3 23
9 8
13 8
17 8
24 3 6
9 8
13 8
17 8
24 2 17
9 8
13 8
24 3 20
9 8
13 8
17 8
75 28 40
5 53
40 27
17 15
39 17
17 49
64 9
33 18
30 31
35 9
7 66
7 59
1 54
62 2
10 23
10 50
36 40
35 38
21 53
4 17
17 50
19 30
1 11
12 4
23 11
10 3
24 22
15 35
9 11
63 28 13
34 25
2 60
6 12
17 8
4 60
5 56
14 4
29 3
1 16
34 27
1 46
21 29
8 38
61 3
8 6
7 12
16 17
11 9
26 23
39 4
6 30
3 14
7 5
8 25
30 17
29 33
6 27
40 2
24 3 12
9 8
13 8
3 10
24 3 1
9 8
13 8
3 10
74 61 51
15 8
49 16
44 2
15 56
46 16
33 40
20 43
64 8
9 8
4 6
27 21
14 30
11 44
40 8
6 46
13 48
36 22
7 64
9 62
25 50
11 16
2 14
4 23
19 13
60 10
1 48
65 9
23 28
23 16
17 15
10 2
63 10
22 37
24 2
36 21
20 5
37 7
28 25
11 60
21 11
50 21
33 25
21 21
29 7
3 55
53 6
14 27
2 56
13 28
21 51
17 39
5 53
10 22
33 35
21 5
29 1
25 17
26 38
33 17
41 29
30 17
24 2 16
9 8
13 8
